86
55
88
73
56
95
18
1
27
83
63
54
31
8
74
75
94
21
53
50
82
47
76
86
85
91
22
65
82
68
9
28
1
89
76
93
41
69
40
41
19
43
67
12
76
53
58
26
76
35
34
44
6
60
6
36
16
30
36
46
63
60
72
97
84
89
39
66
50
23
18
67
23
38
39
27
42
76
21
14
68
14
8
97
92
57
76
0
93
14
79
88
43
83
9
52
85
72
76
35
26
51
6
85
87
8
74
88
17
28
28
1
40
73
25
0
71
44
67
9
65
84
63
61
97
38
52
81
26
21
23
17
9
87
52
50
91
26
61
54
96
75
96
29
54
45
79
18
56
98
15
18
2
75
48
21
54
13
96
44
1
45
89
68
0
72
70
14
15
87
90
38
3
48
90
69
8
53
37
14
98
83
99
82
30
19
11
6
5
84
75
70
40
38
1
59
66
58
66
13
67
68
83
52
91
18
73
33
24
62
84
62
46
19
20
74
15
41
71
30
15
47
83
61
9
19
3
83
4
13
45
71
59
64
28
23
56
70
76
89
5
11
98
3
19
18
62
3
27
0
57
46
7
98
52
99
10
58
47
96
38
25
87
88
87
20
23
92
61
81
26
41
90
45
17
24
38
84
65
18
4
13
71
1
10
61
36
87
18
79
10
42
35
70
16
49
7
58
30
3
2
1
88
62
81
98
93
7
22
21
29
93
84
47
51
56
27
52
74
97
25
78
39
24
44
12
95
17
23
45
0
39
53
15
70
95
13
77
0
49
96
13
25
66
61
2
41
59
75
94
81
61
22
24
18
6
68
70
54
0
63
34
78
5
27
23
43
51
46
79
12
26
12
63
26
4
41
63
31
25
74
37
62
0
27
60
75
54
0
26
99
50
75
39
6
93
90
73
69
28
47
82
96
45
65
45
16
27
71
33
23
15
82
43
0
20
15
71
59
6
75
94
51
79
47
0
50
54
86
9
42
70
54
2
72
19
43
17
7
48
30
53
28
28
22
53
29
23
34
56
45
94
22
20
73
20
72
80
21
49
42
54
95
63
70
78
85
11
79
5
34
21
40
42
70
50
40
15
63
48
68
68
69
96
12
62
19
39
56
83
64
57
75
42
75
60
51
30
46
10
5
47
11
80
76
17
66
51
25
85
15
35
56
2
52
10
98
97
19
10
40
22
50
64
45
0
16
90
53
31
39
28
28
44
64
48
2
49
39
39
48
99
45
92
96
18
77
44
11
89
98
84
29
68
47
4
22
47
32
8
92
28
1
16
16
84
21
9
78
94
89
79
69
5
17
64
99
33
24
71
8
54
23
57
89
13
19
89
5
52
32
62
16
37
39
64
46
79
92
59
11
45
45
59
65
87
38
89
81
26
53
23
56
40
32
53
97
42
63
32
40
88
28
60
65
27
9
21
2
53
92
46
91
29
82
63
12
29
38
1
62
50
5
88
24
75
39
44
42
83
38
17
99
97
80
22
19
53
67
34
47
57
96
58
73
74
68
42
53
74
95
99
6
48
31
65
80
59
89
43
70
6
60
56
23
20
27
49
26
36
14
25
6
1
29
92
93
53
75
69
17
40
13
71
2
0
43
43
11
23
22
24
51
69
65
40
96
33
2
39
54
47
45
27
46
28
30
15
27
58
28
56
63
9
58
65
92
51
74
30
77
9
78
17
59
44
10
94
93
20
57
38
47
75
12
7
88
73
49
18
79
11
42
22
48
31
24
61
57
80
11
45
35
31
88
41
8
38
54
61
78
88
80
13
93
63
11
6
55
26
88
16
85
46
29
76
47
12
84
27
77
0
26
85
29
15
89
52
36
63
42
87
12
59
6
76
88
15
87
48
16
57
36
18
61
71
81
41
53
97
94
80
52
42
59
85
10
11
77
78
81
36
40
41
47
32
65
71
73
36
31
96
47
11
61
13
95
13
7
2
34
54
98
43
66
86
55
3
83
80
28
72
81
36
50
98
2
2
59
18
66
33
28
55
43
16
67
22
76
84
26
43
73
47
35
48
92
9
17
12
71
62
26
5
98
80
7
32
22
39
41
14
60
42
92
65
16
92
33
11
10
41
90
99
54
0
43
31
40
86
25
59
55
61
42
24
75
15
64
40
50
13
14
97
84
36
85
17
19
39
1
22
26
59
20
12
38
25
68
80
19
66
20
26
38
73
69
47
60
85
7
81
7
93
40
21
4
91
90
88
16
85
61
70
20
91
75
39
41
13
7
71
70
32
17
10
37
58
71
81
